Version 0.9.7
5
 4 10 175 77 128 0 1
 5 80 400 206 81 2 2
 0 219 114 877 276 8 3
 1 106 469 206 81 140 4
 3 1125 216 203 58 150 5
 0
24
 1052688 5 71 288 71 288 71 538 71 538 121 538 121 538 0 1 0 4
 1052688 5 71 275 71 275 71 388 272 388 272 375 272 375 0 1 0 3
 255 5 71 189 71 189 71 139 272 139 272 141 272 141 0 1 0 3
 255 5 71 228 71 228 71 480 71 480 121 480 121 480 0 1 0 4
 255 5 350 141 350 141 350 141 350 180 350 180 350 180 0 3 0 3
 255 5 532 141 532 141 532 141 532 180 532 180 532 180 0 3 0 3
 255 5 740 141 740 141 740 141 740 180 740 180 740 180 0 3 0 3
 0 5 1039 375 1039 375 1136 375 1136 375 1136 253 1136 253 0 3 0 5
 16711680 5 1171 260 1171 260 1171 323 1171 323 766 323 766 323 0 5 0 3
 4194432 5 753 323 753 323 753 316 467 316 467 323 467 323 0 3 0 3
 65280 5 428 323 428 323 428 323 415 323 415 323 415 323 0 3 0 3
 64 5 480 323 480 323 480 323 480 362 480 362 480 362 0 3 0 3
 64 5 662 323 662 323 662 323 662 362 662 362 662 362 0 3 0 3
 64 5 818 310 818 310 818 310 818 362 818 362 818 362 0 3 0 3
 4227327 5 162 480 162 480 148 480 148 357 324 357 324 297 0 4 0 3
 16776960 5 162 493 162 493 162 324 337 324 337 297 337 297 0 4 0 3
 12615935 5 181 480 181 480 181 309 350 309 350 297 350 297 0 4 0 3
 8404992 5 200 480 200 480 207 480 207 338 363 338 363 297 0 4 0 3
 8404992 5 363 206 363 206 311 206 311 284 363 284 363 284 0 3 0 3
 8404992 5 519 219 519 219 609 219 609 284 610 284 610 284 0 3 0 3
 255 5 285 141 285 141 240 141 240 362 272 362 272 362 0 3 0 3
 255 5 285 232 285 232 285 232 259 232 259 232 259 232 0 3 0 3
 16711680 5 389 284 389 284 389 299 857 299 857 284 857 284 0 3 0 3
 16711680 5 623 219 623 219 623 232 883 232 883 284 883 284 0 3 0 3
3
 7032 1 14 344 232 5 0 0 9884 3
 7000 1 14 578 232 5 0 0 9884 3
 7004 1 14 825 232 5 0 0 9884 3
