Version 0.9.7
5
 4 10 175 77 128 0 1
 5 80 400 206 81 2 2
 0 207 180 877 276 8 3
 1 212 46 206 81 140 4
 3 213 489 203 58 150 5
 0
22
 0 5 71 249 71 249 189 249 189 115 227 115 227 115 0 1 0 4
 255 5 71 202 71 202 71 214 260 214 260 207 260 207 0 1 0 3
 255 5 71 189 71 189 71 57 71 57 227 57 227 57 0 1 0 4
 0 5 71 275 71 275 109 275 109 429 260 429 260 428 0 1 0 3
 0 5 71 288 71 288 71 526 71 526 224 526 224 526 0 1 0 5
 255 5 338 246 338 246 338 246 338 207 338 207 338 207 0 3 0 3
 0 5 429 389 429 389 429 389 429 428 429 428 429 428 0 3 0 3
 0 5 351 389 351 389 351 389 351 428 351 428 351 428 0 3 0 3
 255 5 364 350 364 350 364 350 364 441 364 441 364 441 0 3 0 3
 255 5 559 441 559 441 569 441 569 207 559 207 559 207 0 3 0 3
 65280 5 390 389 390 411 451 411 451 576 359 576 359 533 0 3 0 5
 0 5 377 428 377 428 377 428 377 389 377 389 377 389 0 3 0 3
 16776960 5 403 389 403 389 395 389 395 533 379 533 379 533 0 3 0 5
 8421376 5 416 389 416 389 416 533 416 533 399 533 399 533 0 3 0 5
 65535 5 268 83 268 83 268 246 268 246 351 246 351 246 0 4 0 3
 65535 5 287 83 287 83 287 136 377 136 377 246 377 246 0 4 0 3
 65535 5 306 83 306 83 306 162 390 162 390 246 390 246 0 4 0 3
 65535 5 325 83 325 83 325 255 416 255 416 285 416 285 0 4 0 3
 8404992 5 338 350 338 350 338 83 338 83 344 83 344 83 0 3 0 4
 8404992 5 364 246 364 246 364 83 364 83 363 83 363 83 0 3 0 4
 8404992 5 403 246 403 246 390 246 390 83 382 83 382 83 0 3 0 4
 8404992 5 429 246 429 246 429 83 429 83 401 83 401 83 0 3 0 4
1
 7085 1 16 332 298 5 0 0 8184 3
