Version 0.9.7
5
 4 10 175 77 128 0 1
 5 80 400 206 81 2 2
 0 220 126 877 276 8 3
 3 1121 73 203 58 140 4
 1 125 457 206 81 149 5
 0
19
 255 5 71 189 71 189 71 153 71 153 273 153 273 153 0 1 0 3
 255 5 71 202 71 202 140 202 140 202 140 468 140 468 0 1 0 5
 0 5 71 275 71 275 71 276 122 276 122 387 273 387 0 1 0 3
 0 5 71 288 71 288 71 526 71 526 140 526 140 526 0 1 0 5
 255 5 312 153 312 153 312 153 312 192 312 192 312 192 0 3 0 3
 255 5 507 153 507 153 507 153 507 192 507 192 507 192 0 3 0 3
 255 5 676 153 676 153 676 153 676 192 676 192 676 192 0 3 0 3
 8404992 5 181 468 181 468 181 357 312 357 312 335 312 335 0 5 0 3
 4259584 5 200 468 200 468 202 468 202 345 325 345 325 335 0 5 0 3
 16776960 5 338 335 338 335 338 335 351 335 351 335 351 335 0 3 0 3
 8404992 5 219 468 219 447 433 447 433 359 507 359 507 335 0 5 0 3
 32768 5 238 468 238 458 476 458 476 438 520 438 520 335 0 5 0 3
 65535 5 364 335 364 335 364 350 533 350 533 335 533 335 0 3 0 3
 8388863 5 377 335 377 335 377 421 676 421 676 335 676 335 0 3 0 3
 16744448 5 689 335 689 335 689 345 1167 345 1167 117 1167 117 0 3 0 4
 0 5 1040 387 1040 387 1132 387 1132 387 1132 110 1132 110 0 3 0 4
 0 5 754 335 754 335 754 335 754 387 754 387 754 387 0 3 0 3
 0 5 585 335 585 335 585 335 585 387 585 387 585 387 0 3 0 3
 0 5 390 335 390 335 390 335 390 387 390 387 390 387 0 3 0 3
3
 7032 1 14 306 244 5 0 0 2364 3
 7008 1 14 501 244 5 0 0 2364 3
 7004 1 14 670 244 5 0 0 2364 3
