Version 0.9.7
5
 4 10 175 77 128 0 1
 5 80 400 206 81 2 2
 0 205 143 877 276 8 3
 3 1111 76 203 58 140 4
 1 123 471 206 81 149 5
 0
28
 255 5 71 189 71 189 71 163 258 163 258 170 258 170 0 1 0 3
 255 5 297 170 297 170 297 170 297 209 297 209 297 209 0 3 0 3
 255 5 492 170 492 170 492 170 492 209 492 209 492 209 0 3 0 3
 255 5 661 170 661 170 661 170 661 209 661 209 661 209 0 3 0 3
 255 5 71 228 71 228 138 228 138 228 138 482 138 482 0 1 0 5
 0 5 71 275 71 275 88 275 88 406 258 406 258 404 0 1 0 3
 0 5 71 288 71 288 71 540 71 540 138 540 138 540 0 1 0 5
 0 5 570 352 570 352 570 352 570 404 570 404 570 404 0 3 0 3
 0 5 739 352 739 352 739 352 739 404 739 404 739 404 0 3 0 3
 0 5 375 352 375 352 375 352 375 404 375 404 375 404 0 3 0 3
 0 5 1025 404 1025 404 1122 404 1122 404 1122 113 1122 113 0 3 0 4
 16711680 5 179 482 179 482 179 368 297 368 297 352 297 352 0 5 0 3
 4259584 5 198 482 198 482 198 373 310 373 310 352 310 352 0 5 0 3
 16711935 5 217 482 217 482 217 377 336 377 336 352 336 352 0 5 0 3
 16744576 5 236 482 236 482 236 382 349 382 349 352 349 352 0 5 0 3
 16744703 5 323 352 323 352 323 373 661 373 661 352 661 352 0 3 0 3
 16744703 5 362 352 362 352 362 368 687 368 687 352 687 352 0 3 0 3
 8388863 5 674 352 674 352 674 364 492 364 492 352 492 352 0 3 0 3
 8388863 5 700 352 700 352 700 359 505 359 505 352 505 352 0 3 0 3
 8388863 5 323 339 323 362 186 362 186 183 310 183 310 209 0 3 0 3
 8388863 5 362 339 362 355 198 355 198 193 323 193 323 209 0 3 0 3
 65535 5 336 209 336 209 336 183 674 183 674 209 674 209 0 3 0 3
 33023 5 179 495 179 495 179 433 713 433 713 352 713 352 0 5 0 3
 16776960 5 518 352 518 354 206 354 206 201 505 201 505 209 0 3 0 3
 16776960 5 687 209 687 209 687 189 518 189 518 209 518 209 0 3 0 3
 16776960 5 531 209 531 209 531 209 544 209 544 209 544 209 0 3 0 3
 16776960 5 726 352 726 368 1087 368 1087 194 557 194 557 209 0 3 0 3
 12615935 5 570 209 570 209 570 200 1157 200 1157 120 1157 120 0 3 0 4
3
 7008 1 14 291 261 5 0 0 6924 3
 7004 1 14 655 261 5 0 0 6924 3
 7032 1 14 486 261 5 0 0 6924 3
