Version 0.9.7
5
 4 10 175 77 128 0 1
 5 80 400 206 81 2 2
 0 219 128 877 276 8 3
 3 1106 82 203 58 140 4
 1 518 5 206 81 149 5
 0
23
 0 5 71 288 71 288 71 389 71 389 272 389 272 389 0 1 0 3
 255 5 71 189 71 189 71 154 272 154 272 155 272 155 0 1 0 3
 0 5 298 389 298 389 298 389 298 142 298 142 298 142 0 3 0 3
 255 5 533 16 533 16 480 16 480 16 480 155 480 155 0 5 0 3
 0 5 532 142 532 142 532 74 532 74 533 74 533 74 0 3 0 5
 0 5 1117 119 1117 119 1117 432 493 432 493 389 493 389 0 4 0 3
 255 5 636 337 636 337 636 337 636 376 636 376 636 376 0 3 0 3
 255 5 324 155 324 155 324 155 324 376 324 376 324 376 0 3 0 3
 0 5 636 194 636 194 636 194 636 142 636 142 636 142 0 3 0 3
 16776960 5 662 194 662 194 707 194 707 194 707 42 707 42 0 3 0 5
 8421376 5 675 298 675 298 743 298 743 31 688 31 688 42 0 3 0 5
 8421376 5 610 311 610 311 819 311 819 18 669 18 669 42 0 3 0 5
 8421376 5 584 324 584 324 776 324 776 43 650 43 650 42 0 3 0 5
 16744448 5 649 194 649 194 649 194 649 42 631 42 631 42 0 3 0 5
 16744448 5 662 298 662 317 450 317 450 59 612 59 612 42 0 3 0 5
 16744448 5 623 298 623 298 495 298 495 29 593 29 593 29 0 3 0 5
 16744448 5 584 233 584 233 528 233 528 16 574 16 574 16 0 3 0 5
 8388608 5 610 233 610 233 610 150 1212 150 1212 126 1212 126 0 3 0 4
 8388608 5 675 233 675 233 1292 233 1292 233 1292 126 1292 126 0 3 0 4
 8388608 5 649 298 649 298 1272 298 1272 298 1272 126 1272 126 0 3 0 4
 4259584 5 597 337 597 337 1252 337 1252 337 1252 126 1252 126 0 3 0 4
 4259584 5 597 220 597 220 597 191 1232 191 1232 126 1232 126 0 3 0 4
 0 5 623 207 623 207 623 207 636 207 636 207 636 207 0 3 0 3
1
 7083 1 16 578 246 5 0 0 4188 3
